0.977174960868109
0.966109186691805
0.967596368292152
0.979899058936469
0.983174826270898
0.968762201832144
0.970752458012662
0.97808029378212
0.97565635503244
0.970979535099808
0.973446236694504
0.973621034009633
0.975137238988431
0.975766472223839
0.972946082990206
0.97915110077631
0.973766370763499
0.976451320001478
0.976114434383995
0.971027742242748
0.973370759179353
0.974951722414639
0.976841770847813
0.98125137604722
0.975129326049426
0.97138801050691
0.979782974305796
0.978528054235798
0.973386917249847
0.974364988126176
0.977791146901808
0.97703019252781
0.979451676161898
0.979981609684008
0.977680962748134
0.979753680672591
0.972056231392195
0.972088692814206
0.970767111140253
0.968818250996231
0.978028139424907
0.968583402287127
0.968697650299516
0.980116609333655
0.977503771112828
0.974538771540763
0.964748960015514
0.969960499374117
0.980711086359992
0.98197824842861
