0.930809840295183
0.907243300769052
0.926367834383858
0.925183862756926
0.948083145465244
0.914361430623676
0.91365008279381
0.937059181552543
0.919109507490272
0.922230730720382
0.924456740202119
0.921156517544116
0.929864233354787
0.927815651626983
0.918861909861565
0.923183224343623
0.934584575875952
0.920974663215919
0.931119501949113
0.920806966915636
0.921751635813062
0.925080063918622
0.929470324542842
0.93984170072197
0.923987456199147
0.929574992823702
0.933950247994136
0.920920052622734
0.917721463804796
0.932770221862576
0.931336936725983
0.933425348996882
0.921943476048485
0.925840296672566
0.933713990493453
0.913444302812503
0.929730518823296
0.926910213996993
0.925770027038362
0.91102378830994
0.925847811572222
0.918947597868665
0.915775234992166
0.936803236158027
0.944289580634579
0.928048246043873
0.905458668916428
0.908012704934737
0.939786841236651
0.939122999730801
