0.773087309840351
0.662130166078629
0.67630530589518
0.745395374085136
0.820428552040274
0.696781367579216
0.687646749209193
0.800845823955904
0.723155838294279
0.71195018382866
0.746226566329732
0.699005900377054
0.754037306274154
0.753592164911667
0.743718584045121
0.751785348138685
0.754847265817932
0.726816857052758
0.772544483317252
0.694762242768963
0.708682279805117
0.748370316824736
0.74749689907296
0.763945273997518
0.734752118073446
0.728790974720338
0.775912152517439
0.707932026980463
0.696229376003058
0.791072625077196
0.762812976139197
0.753659035632981
0.751771133373521
0.754293105942786
0.754854058904064
0.688856154619368
0.720806897360622
0.729652213721619
0.74285989277997
0.677674610422471
0.762359391713777
0.749844670336429
0.643629473961224
0.785727881197994
0.808847524019405
0.714028469632996
0.572737074038526
0.681641810299613
0.794295468198535
0.812793584984433
