0.879964425147563
0.836715356459205
0.859685965909277
0.871855578795493
0.908395664795769
0.851414445129294
0.849628321097866
0.892225474993187
0.858725930175284
0.868985108378475
0.865847194475617
0.854539872501006
0.880345165000193
0.869599068647046
0.86469153683195
0.871674084934854
0.881112907236208
0.85795512751752
0.875798643845626
0.851114215383002
0.860310888259252
0.871803212357525
0.87323215746518
0.888458575499129
0.865865013333837
0.869650144614961
0.883601266390134
0.855815529682839
0.853962634036527
0.883854601476697
0.881733811171088
0.882060148897143
0.870479816198417
0.876562118120483
0.877343675761294
0.846278147682462
0.872060240414575
0.86958488179159
0.875165292258825
0.84441885054286
0.873965474599986
0.863304395577117
0.853646322591514
0.887980145852523
0.903240820622212
0.872685568017806
0.823974685414562
0.842887796532699
0.89424242359088
0.899969100746085
