0.867128461341798
0.849747281880265
0.83077765314537
0.893012685429607
0.919769895586112
0.834552067690928
0.846414872876227
0.906170616201452
0.868545463185701
0.83123378086107
0.869324518555644
0.857622198343138
0.881208352587447
0.874616187901284
0.832982512232935
0.888709370276692
0.8866447669
0.873534617022614
0.87434183772602
0.835454146542868
0.832547986845045
0.854972704269933
0.899568996931659
0.902790067940334
0.874622914938866
0.850124159192591
0.897364939119333
0.860952161794275
0.857964737381415
0.879029078230459
0.893831777342721
0.888640248415556
0.891555088444102
0.900611520859948
0.873820374631622
0.878572119788262
0.860780786351195
0.856152155285657
0.843698219306223
0.769138217369999
0.887663507092429
0.860429447747957
0.811035948731861
0.905084503740668
0.891487804155598
0.871080656703393
0.771022899466764
0.811457147142215
0.895983604780477
0.910612461198301
