0.921532050110525
0.907126346059624
0.899368289242337
0.935917192444173
0.950254339275258
0.902320744017586
0.906614478716045
0.937222394373566
0.92307134117444
0.906436484217259
0.917016680075086
0.916189579591468
0.924149258941901
0.922642752616037
0.907065985660701
0.932734226888533
0.929365996484472
0.925157840069162
0.920632446683354
0.906279161598409
0.907572073448802
0.906628867185729
0.934901810346822
0.940523733778463
0.927184634155685
0.909134716416626
0.937012465954135
0.924936157635145
0.916398492583831
0.927481690470757
0.934786128335647
0.928769646450049
0.93463127798855
0.941449105455473
0.924577002879356
0.934878480527047
0.916560901884395
0.913364101687116
0.909311786994027
0.878176933830695
0.934818849284815
0.909376775104159
0.897771651712982
0.939010341554658
0.932814387719194
0.922357682139826
0.87227648102731
0.89218957486989
0.938377390155082
0.944598675218969
