0.949523612278825
0.932821280633989
0.931694095797213
0.957688015366463
0.966459859454442
0.932600277868002
0.936735606128761
0.955714739164518
0.949812985460891
0.937171642942782
0.942893043270409
0.945365675302941
0.946498552564176
0.949156027413993
0.940110650818455
0.956533454275131
0.949113893597413
0.9505565127676
0.948208701272349
0.93771262581099
0.940566125940184
0.940949422047292
0.954500744396476
0.960217366316242
0.950071888029062
0.938389962061455
0.957980682002732
0.952601622759936
0.94461807235854
0.94971425456578
0.955904841256823
0.952626498116509
0.95492485943721
0.960135083667429
0.951791270076452
0.957279971684088
0.942947970340479
0.942395600921447
0.939492519140624
0.924319296034735
0.955795823796792
0.939242101109143
0.931434243723046
0.959204479461713
0.95293947599702
0.947623862460847
0.921195451515317
0.929467301104933
0.959621143826719
0.962479004584993
