0.836193972167757
0.773679482300321
0.797856962737823
0.827027246665494
0.87663637741372
0.795277096471174
0.792829906521511
0.857782985909298
0.808566840461793
0.817896631848088
0.822447630566457
0.799592714836821
0.839028050493779
0.827963168075135
0.817301475959153
0.832012235960265
0.833582869967873
0.808617398354261
0.835717802826978
0.792299043068186
0.810924995576531
0.833833625181427
0.827245117543339
0.844623817734634
0.815752058490447
0.818321798912526
0.843752202523238
0.802191004054494
0.804469794568818
0.851034578919912
0.839078440963966
0.839645542448062
0.827658574274201
0.833297910379736
0.831818476610316
0.790253209238896
0.818914027273911
0.822545061583829
0.829306761215578
0.780955544447988
0.829883264822539
0.820191241296532
0.786837606623005
0.851166228409788
0.867899686778605
0.81993596542126
0.747523560702994
0.786086904194107
0.857380754367285
0.869149752755449
